start=34.720000
pause=no
volume=56.000000
