start=1.817000
pause=no
volume=88.000000
