start=464.552000
pause=no
volume=100.000000
