start=6867.193000
pause=no
volume=100.000000
