start=1412.084000
pause=no
volume=92.000000
