start=3.717000
pause=no
volume=100.000000
